.Random.seed <-
c(403L, 149L, -1438519465L, -2125950682L, -148489799L, -1900520649L, 
438677495L, 1404582066L, -2072114064L, 405310752L, 1998443333L, 
960697923L, -31779834L, -2087893554L, -1637451816L, 538968720L, 
1337601797L, 1779446569L, 567359694L, 781261021L, 27122383L, 
-540669192L, -131849522L, -2084124644L, 1550242522L, 1830902614L, 
780991770L, -307953714L, 927427815L, -392037493L, -1980144019L, 
-1469446545L, 1855019978L, 1752692357L, 442937340L, 819373408L, 
-570311173L, 268405040L, 116726185L, 608502498L, -1235670107L, 
-578831307L, -545327984L, -1698361276L, -964310160L, 313113099L, 
615655484L, -545144335L, -1440374115L, -1603935464L, -1985848534L, 
805327688L, 1521040212L, -872021738L, -1688921830L, 226486396L, 
2137814178L, 49996162L, -389306872L, -850548727L, -2091143094L, 
281163719L, -655648790L, -506517054L, -1712000162L, 2117033319L, 
-1066974395L, -1730509529L, 541970976L, -1429779018L, 197894956L, 
1754165911L, 750743905L, 709387186L, -504709875L, -1132364585L, 
-368241257L, -1505644951L, -38606419L, -2057612303L, -1586651345L, 
1336819788L, 1335944328L, -2025309125L, -775027659L, 34379391L, 
-1258401683L, 776395635L, 267974115L, 332764079L, 834384838L, 
-1562721042L, -279790179L, -461529205L, -117530706L, -1211019863L, 
1226856154L, 964262374L, -1162796183L, 796587918L, -16436244L, 
1965717047L, 52999365L, -1212713220L, 1374310208L, -319530116L, 
-1777734225L, -1947856327L, -712019826L, -791482694L, 1439552271L, 
77533900L, -276512169L, 308762641L, -1363936912L, 1692705069L, 
-403634032L, 652693950L, 799997483L, -417476030L, 1044416777L, 
1855427363L, 583314705L, -1857160126L, -1764195413L, 1538382694L, 
1010198138L, -1545706550L, 1863341007L, -1805501363L, 51607976L, 
1807566055L, 850890964L, 265592470L, 526127348L, 412416283L, 
2040073155L, -710917954L, -670721235L, 2117964652L, -1505213421L, 
1927831249L, 1397594738L, 14162320L, -1518615933L, -594052258L, 
-1729147820L, -1498539898L, -370647895L, 1671682520L, -1101150666L, 
-638047799L, -861389545L, -999217107L, -537944242L, -2029902561L, 
465598778L, 1526826155L, 1004207239L, -369682568L, -1542307643L, 
-1761181636L, -866266145L, 601046553L, -1362107495L, 1297412493L, 
2079652565L, -845082262L, -615523880L, 1583906792L, 1086995574L, 
-1888818016L, -927862255L, -202087214L, 2009095817L, 521229696L, 
540114550L, 1197736487L, -151231958L, 1961658527L, 1319036706L, 
1818252818L, 648886359L, -1381767736L, -581988974L, -1904099576L, 
-274388764L, -164211575L, 348477594L, -2083407888L, 1235735696L, 
-121893757L, 1972762715L, -1738888055L, 1828205993L, -310253591L, 
1457674735L, 825414406L, -392699495L, -599107205L, -1905360340L, 
-310940797L, 2103512561L, -142194727L, -1728823328L, -1721059452L, 
2119746355L, 1550234945L, 360279611L, 1531025825L, 741101054L, 
-1390390832L, 2082668956L, -878413577L, -1480033833L, -385962207L, 
-1981298014L, 689174865L, 527964837L, 613361320L, -720925280L, 
2134969502L, -388201314L, -1173962635L, -690575317L, -1671596008L, 
1403314982L, 1579871283L, 1647742212L, -702806113L, 1658313002L, 
-1311226407L, 1702703823L, 1076959495L, 156871168L, 1284356217L, 
800970992L, 494581728L, 1544896588L, -895344387L, -925009666L, 
-1473396941L, 1286335077L, 1437865306L, -1389020459L, -901361845L, 
-1028824235L, 1101105843L, 403122919L, 857031480L, -1355140898L, 
1419577759L, -1719378623L, -932511305L, -1322574863L, -650025107L, 
-954796289L, -932611236L, -1940419985L, -1436642454L, 1812787522L, 
-1686647881L, 629378961L, -166770942L, -2000177753L, -1136703793L, 
1090627346L, -585035610L, 1055806116L, -1568817441L, -2078404680L, 
624790297L, -123288578L, -215399349L, -1891822240L, -652672229L, 
787457620L, -2066493800L, -441722353L, -1760072392L, -1861205625L, 
-285156325L, 1758875327L, 11939159L, -658899934L, 1501988366L, 
-3895403L, -47749502L, -1382196457L, 834136955L, -1742347022L, 
412715421L, -702253440L, -272206459L, -2084111866L, 1168537469L, 
-796763041L, 1962604209L, -482946015L, 52644580L, -343247288L, 
-343676404L, 1524780594L, 1426898733L, -315655250L, 1557790210L, 
1654202056L, 1188087715L, -562773830L, -1603168706L, 1446907079L, 
1502594658L, -1816807876L, 2140097102L, -1129856542L, 523526525L, 
1162378979L, -1512120297L, -364424815L, -817008840L, 1371650556L, 
-1699739400L, -2004600681L, 1717842561L, -431858499L, -896860806L, 
-1467296918L, 130657059L, 270544150L, 878946040L, 977952447L, 
-47525300L, -42264536L, -1334469243L, -265424298L, 873556887L, 
-1354083773L, -464639265L, -19637332L, -103190012L, 199115638L, 
1232016257L, -590401098L, -1481567646L, 337836223L, 1442366791L, 
-1071257958L, -1673501385L, 1883322613L, -607841220L, -1068942834L, 
97256395L, 1006297975L, 391914483L, -869824655L, 547631730L, 
517946033L, 671320800L, -1400344430L, 1486171704L, 1821879225L, 
665631613L, 1033178042L, 1140383380L, 968954684L, 577016636L, 
-1553792297L, 2010521788L, -198715116L, 1151834651L, -518817025L, 
939864553L, 118012517L, -1388929257L, -594199925L, 1985670917L, 
-161581121L, -1725889851L, -550087266L, 1786601557L, -102549384L, 
-301962634L, -1291531199L, -1395150131L, -1553750783L, 355059002L, 
-434025742L, -194072482L, 1256382313L, -1378757633L, 333290525L, 
1987190665L, -2069700307L, 699533404L, -1143515744L, 1151515817L, 
793042497L, 1101395431L, 610510056L, 1566824394L, 1989124425L, 
-1030953693L, -66451582L, -943359771L, -1695534500L, -1463909376L, 
-666560323L, -1049849895L, -710076377L, -1434267434L, 1514035437L, 
-1641425260L, 1442473432L, 1451161595L, -1561410600L, -803079892L, 
2125559575L, 1656439974L, 1300629220L, -276308967L, -687966740L, 
-1316623376L, 693360087L, 732770128L, 251514183L, 1289679618L, 
1567640014L, -1638828204L, 1407073266L, -463217682L, 1243170253L, 
1282367368L, 794218823L, -794049944L, -417293834L, 1897903144L, 
2025402399L, 1524219887L, 481244491L, 535588635L, 437997477L, 
-849437783L, -1199370696L, -751464746L, 985679464L, 1335850264L, 
1165775485L, 1341921565L, -377327629L, -409977176L, -642775284L, 
280204905L, -401292830L, -1754841508L, 146409165L, 1709132334L, 
-1600265319L, -634033883L, -448185803L, -1000606927L, 155566826L, 
1976753071L, -91542741L, 211786008L, 811267695L, -825115271L, 
-244435946L, 285578841L, -77390719L, -857044060L, -915101194L, 
-1965486126L, 1668932776L, 2051995141L, 580098754L, 1496585071L, 
1098287014L, 560680883L, 1720903746L, 691561894L, -1276529983L, 
1791361357L, 1087336152L, 877378832L, 186504890L, 1552323102L, 
162569746L, 749781454L, 113077490L, 1872381333L, 621927256L, 
1098731156L, -115047792L, 1733961898L, -1484672336L, 1460413037L, 
1391424342L, -301981224L, 1103011003L, -1415457553L, -701078736L, 
-325803722L, 2096723922L, -1030713744L, 1097833788L, -601144095L, 
-298347865L, -331831434L, 806112113L, -1341612675L, -383678212L, 
828500779L, 2130677743L, 1755004094L, -450843406L, 1606892874L, 
824485660L, 160568267L, 463431557L, -140555474L, -2041174587L, 
-2033495657L, 1518449759L, -741035595L, 1216704466L, 1304503366L, 
-1839163701L, -647991769L, -1391411654L, 547116286L, 978733507L, 
1558001726L, -1604288579L, 1045313505L, -999868352L, -625018864L, 
-1798475304L, -150001731L, -1119844970L, 1211066248L, -332894986L, 
2085284771L, -1990082506L, 704059484L, -564298259L, -1700203677L, 
-1152281015L, -1109488213L, -75326167L, -877718699L, -1026479264L, 
312690269L, 1923209645L, -1841218322L, -1944523310L, 1944038320L, 
467129522L, 1525064100L, 192042685L, -1082577809L, -453938471L, 
103771079L, -1126702255L, 1802124268L, 888869114L, -558480859L, 
302675667L, -2129160442L, 1513924992L, -1630002034L, 1973569780L, 
-2104722792L, -1681895395L, 1735345859L, 434530902L, 1696743539L, 
1729331152L, 1257116250L, 2092390540L, 842681202L, 1491602959L, 
-578537568L, 2015032493L, 1846219533L, 1005560856L, -1603943791L, 
-776251218L, 609856556L, 1893540757L, 2041566858L, -110644768L, 
-1281569037L, 325655L, -248733509L, -1414655182L, 1738384583L, 
